1 2 85
2 3 85
3 4 85
85 4 84
4 5 84
84 5 83
5 6 83
6 7 83
7 8 83
8 9 83
83 9 82
9 10 82
82 10 81
10 11 81
11 12 81
12 13 81
81 13 80
13 14 80
80 14 79
14 15 79
15 16 79
79 16 78
16 1 78
78 1 85
1 19 16
19 18 16
18 17 16
16 17 15
17 15 22
22 23 15
23 24 15
15 24 14
24 25 14
25 26 14
26 13 14
18 19 20
17 18 20
17 20 21
17 21 22
23 24 28
24 28 27
24 25 27
25 26 27
1 19 35
19 20 35
20 35 34
20 34 30
20 30 21
21 30 32
21 32 22
22 32 31
22 31 23
23 31 41
23 41 42
23 42 28
28 42 29
28 29 27
27 29 44
27 44 26
26 44 45
26 45 13
30 34 33
30 33 32
34 35 36
34 36 39
33 34 39
39 36 37
32 33 39
32 39 38
39 37 38
32 38 31
29 42 43
29 43 44
41 42 48
42 43 40
42 40 48
48 40 47
43 44 40
40 44 46
40 46 47
44 45 46
1 2 35
2 35 36
2 3 36
3 36 59
36 37 59
37 38 59
59 38 51
38 31 51
51 31 50
31 41 50
50 41 49
41 48 49
48 47 49
49 47 55
47 46 55
55 46 12
46 45 12
45 13 12
3 4 59
4 59 60
59 51 52
51 53 52
51 50 53
50 49 53
53 49 54
49 55 54
55 12 11
55 11 56
56 11 66
66 11 10
59 52 58
58 52 57
52 53 57
53 54 57
54 56 57
54 55 56
59 58 60
60 58 61
61 58 62
62 58 57
62 57 63
63 57 64
64 57 56
64 56 65
65 56 66
4 5 60
5 60 77
5 77 6
6 77 76
6 76 7
7 76 75
7 75 74
7 74 8
8 74 73
8 73 9
9 73 66
9 66 10
60 61 69
61 62 69
69 62 68
62 63 68
68 63 67
63 64 67
64 65 67
65 66 67
60 69 70
69 71 70
69 68 71
68 72 71
68 67 72
67 66 72
60 70 77
77 70 76
70 71 76
76 71 75
75 71 74
71 72 74
74 72 73
73 72 66